4000063c
00608640
00688040
20801d3c
d007bd27
01801c3c
f0879c27
00000734
1300e000
00001834
11000003
87010008
00000000
00000000
00000000
00000000
00000000
00000000
00000000
00000000
00000000
00000000
00000000
00000000
00000000
00000000
00000000
00000000
00000000
00000000
00000000
00000000
00000000
00000000
00000000
00000000
00000000
00000000
00000000
00000000
00000000
00000000
00000000
00000000
00000000
00000000
00000000
00000000
00000000
00000000
00000000
00000000
00000000
00000000
00000000
00000000
00000000
00000000
00000000
00000000
00000000
00000000
00000000
00000000
00000000
00000000
00000000
00000000
00000000
00000000
00000000
00000000
00000000
00000000
00000000
00000000
00000000
00000000
00000000
00000000
00000000
00000000
00000000
00000000
00000000
00000000
00000000
00000000
00000000
00000000
00000000
00000000
00000000
00000000
00000000
00000000
00000000
00000000
00000000
00000000
00000000
00000000
00000000
00000000
00000000
00000000
00000000
00000000
00000000
00000000
00000000
00000000
00000000
00000000
00000000
00000000
00000000
00000000
00000000
00000000
00000000
00000000
00000000
00000000
00000000
00000000
00000000
00000000
00000000
00000000
00000000
00000000
00000000
00000000
00000000
00000000
00000000
00000000
00000000
00000000
00000000
00000000
00000000
00000000
00000000
00000000
00000000
00000000
00000000
00000000
00000000
00000000
00000000
00000000
00000000
00000000
00000000
00000000
00000000
00000000
00000000
00000000
00000000
00000000
00000000
00000000
00000000
00000000
00000000
00000000
00000000
00000000
00000000
00000000
00000000
00000000
00000000
00000000
00000000
00000000
00000000
00000000
00000000
00000000
00000000
00000000
00000000
00000000
00000000
00000000
00000000
00000000
00000000
00000000
00000000
00000000
00000000
00000000
00000000
00000000
00000000
00000000
00000000
00000000
00000000
00000000
00000000
00000000
00000000
00000000
00000000
00000000
00000000
00000000
00000000
00000000
00000000
00000000
00000000
00000000
00000000
00000000
00000000
00000000
01000324
1b004310
00000000
02000324
2b004310
00000000
03000324
3b004310
00000000
04000324
3e004310
00000000
05000324
49004310
00000000
06000324
54004310
00000000
07000324
5f004310
00000000
08000324
6b004310
00000000
09000324
76004310
00000000
7b000010
00000000
21100000
00701a40
00801b3c
68077b27
75005b17
00000000
00681a40
7c005a33
20001b24
70005b17
00000000
00601a40
02005a33
02001b24
6b005b17
00000000
ff00023c
68000010
00000000
21100000
00701a40
00801b3c
a8067b27
62005b17
00000000
00681a40
7c005a33
24001b24
5d005b17
00000000
00601a40
02005a33
02001b24
58005b17
00000000
00ff023c
55000010
00000000
00801a3c
b0075a27
00709a40
0f0f023c
4f000010
00000000
21100000
00681a40
7c005a33
30001b24
49005b17
00000000
00601a40
02005a33
02001b24
44005b17
00000000
3412023c
41000010
00000000
21100000
00681a40
7c005a33
10001b24
3b005b17
00000000
00601a40
02005a33
02001b24
36005b17
00000000
7856023c
33000010
00000000
21100000
00681a40
7c005a33
14001b24
2d005b17
00000000
00601a40
02005a33
02001b24
28005b17
00000000
1111023c
25000010
00000000
21100000
00709b40
00681a40
7c005a33
10001b24
1e005b17
00000000
00601a40
02005a33
02001b24
19005b17
00000000
2222023c
16000010
00000000
21100000
00681a40
7c005a33
28001b24
10005b17
00000000
00601a40
02005a33
02001b24
0b005b17
00000000
3333023c
08000010
00000000
21100000
00681a40
00801b3c
24d05b03
02005b17
00000000
4444023c
00681a40
00700340
00801b3c
04006324
24d05b03
02004013
00000000
04006324
00708340
02004014
00000000
ffff023c
18000042
00000000
00000000
00000000
ffff0934
d0bf083c
00f00835
000009ad
d0bf113c
10f03136
0000133c
000033ae
c601000c
00000000
a101000c
00000000
b401000c
00000000
a101000c
00000000
5b000424
03009310
00000000
04000010
00000000
d0bf083c
00f00835
000000ad
ffff0010
00000000
01000824
ffff0825
feff0015
00000000
0800e003
00000000
00000000
002d043c
02000224
0d000000
00ff103c
02005014
00000000
01007326
25409300
000028ae
0800e003
00000000
00000000
0015043c
00000224
7317083c
80df0835
afb5093c
d2512935
26800901
dca2123c
528e5236
04001216
00000000
02004014
00000000
01007326
25409300
000028ae
0800e003
00000000
0014043c
00000224
480d083c
8a910835
e67f0924
e67f1035
480d123c
eeff5236
04001216
00000000
02004014
00000000
01007326
25409300
000028ae
0800e003
00000000
00000000
002e043c
01000224
0c000000
ff00103c
02005014
00000000
01007326
25409300
000028ae
0800e003
00000000
00000000
0037043c
03000224
ff7f083c
ffff0835
ff7f0821
3412023c
6587023c
7856023c
2143023c
0f0f103c
02005014
00000000
01007326
25409300
000028ae
0800e003
00000000
00000000
dc030abd
00000000
00000000
00000000
00000000
00000000
00000000
00000000
00000000
00000000
00000000
